ToT_Energy= -826.0525303626991445
Energy_per_atom= -7.4419146879522442
