0 -142326.56594967 -149724.26824527 7733.23021158 179.66548756 -515.19340353 0.1960 3.4591
ToT_Energy= -142326.5659496659063734
Energy_per_atom= -7.3439920510663521
