E_KC= -4.65590664 RI= 229.42327754
ToT_Energy= -4.6559066413599277
Energy_per_atom= -0.0038799222011333
