E_KC= -9.10069773 RI= 1025.11711770
ToT_Energy= -9.1006977345703444
Energy_per_atom= -0.0000610580190176
