E_KC= -13.92488241 RI= 777.36534302
ToT_Energy= -13.9248824091617003
Energy_per_atom= -0.0000934242362238
