E_KC= -14.58312438 RI= 678.67496556
ToT_Energy= -14.5831243752226420
Energy_per_atom= -0.0000978404855768
