E_KC= -13.01104790 RI= 763.62806040
ToT_Energy= -13.0110478998341232
Energy_per_atom= -0.0000872931761143
