E_KC= -12.30863186 RI= 793.43233666
ToT_Energy= -12.3086318585946621
Energy_per_atom= -0.0000825805559114
