E_KC= -14.58351872 RI= 676.70068247
ToT_Energy= -14.5835187169622493
Energy_per_atom= -0.0000978431312778
