E_KC= -14.66471432 RI= 642.39971812
ToT_Energy= -14.6647143219529248
Energy_per_atom= -0.0000983878854207
