E_KC= -9.16324101 RI= 1022.03702657
ToT_Energy= -9.1632410123412704
Energy_per_atom= -0.0000614776317500
