E_KC= -13.39490366 RI= 777.50088716
ToT_Energy= -13.3949036639334995
Energy_per_atom= -0.0000898685250851
