E_KC= -11.90872575 RI= 810.73858263
ToT_Energy= -11.9087257527874737
Energy_per_atom= -0.0000798975226621
