E_KC= -14.57946223 RI= 678.94702608
ToT_Energy= -14.5794622274005299
Energy_per_atom= -0.0000978159156484
