E_KC= -11.59411909 RI= 820.50389758
ToT_Energy= -11.5941190926037390
Energy_per_atom= -0.0000777867768709
