E_KC= -9.95649144 RI= 942.89543520
ToT_Energy= -9.9564914386592847
Energy_per_atom= -0.0000667996741943
