E_KC= -8.82357966 RI= 1059.89455468
ToT_Energy= -8.8235796563718374
Energy_per_atom= -0.0000591987900461
