E_KC= -8.72625377 RI= 1071.43119674
ToT_Energy= -8.7262537714168751
Energy_per_atom= -0.0000585458153064
