E_KC= -13.44326873 RI= 777.16597601
ToT_Energy= -13.4432687311446184
Energy_per_atom= -0.0000901930139627
