E_KC= -14.92536469 RI= 616.10226952
ToT_Energy= -14.9253646930365740
Energy_per_atom= -0.0001001366299432
