E_KC= -14.50601537 RI= 744.74786262
ToT_Energy= -14.5060153726423220
Energy_per_atom= -0.0000973231490952
