E_KC= -9.43750963 RI= 995.23294609
ToT_Energy= -9.4375096298471046
Energy_per_atom= -0.0000633177432395
