E_KC= -11.07457486 RI= 882.72058385
ToT_Energy= -11.0745748590885444
Energy_per_atom= -0.0000743010725199
