E_KC= -14.59645330 RI= 666.97468348
ToT_Energy= -14.5964532953301376
Energy_per_atom= -0.0000979299114078
