E_KC= -13.94166172 RI= 777.63007422
ToT_Energy= -13.9416617184179792
Energy_per_atom= -0.0000935368112608
