E_KC= -14.72592710 RI= 699.50409250
ToT_Energy= -14.7259271048474876
Energy_per_atom= -0.0000987985716528
