E_KC= -14.18968880 RI= 680.68771756
ToT_Energy= -14.1896888041038007
Energy_per_atom= -0.0000952008641671
