E_KC= -14.58648253 RI= 673.38468301
ToT_Energy= -14.5864825271227811
Energy_per_atom= -0.0000978630159485
