E_KC= -14.65707523 RI= 644.50954800
ToT_Energy= -14.6570752256492174
Energy_per_atom= -0.0000983366335166
