E_KC= -14.45037828 RI= 741.44032422
ToT_Energy= -14.4503782806996277
Energy_per_atom= -0.0000969498710547
