E_KC= -11.30246491 RI= 839.21058646
ToT_Energy= -11.3024649086605926
Energy_per_atom= -0.0000758300228692
