E_KC= -10.34533476 RI= 911.86912075
ToT_Energy= -10.3453347561816003
Energy_per_atom= -0.0000694084854491
