E_KC= -8.85625741 RI= 1056.06303855
ToT_Energy= -8.8562574110055952
Energy_per_atom= -0.0000594180302650
