E_KC= -14.82507518 RI= 611.91147365
ToT_Energy= -14.8250751788247825
Energy_per_atom= -0.0000994637717466
