E_KC= -12.47649173 RI= 767.07509812
ToT_Energy= -12.4764917304882346
Energy_per_atom= -0.0000837067543139
