E_KC= -13.75425222 RI= 776.35361212
ToT_Energy= -13.7542522220296259
Energy_per_atom= -0.0000922794513387
