E_KC= -8.74223114 RI= 1069.50795228
ToT_Energy= -8.7422311407630744
Energy_per_atom= -0.0000586530100018
