E_KC= -13.90632245 RI= 692.03313014
ToT_Energy= -13.9063224489708031
Energy_per_atom= -0.0000932997145184
