E_KC= -11.20989035 RI= 844.77889622
ToT_Energy= -11.2098903475942304
Energy_per_atom= -0.0000752089255122
