E_KC= -14.77064738 RI= 684.47851209
ToT_Energy= -14.7706473772709472
Energy_per_atom= -0.0000990986070263
