E_KC= -14.32899993 RI= 676.67105487
ToT_Energy= -14.3289999253995131
Energy_per_atom= -0.0000961355244911
