E_KC= -14.89450181 RI= 640.04360612
ToT_Energy= -14.8945018093628079
Energy_per_atom= -0.0000999295659803
