E_KC= -10.33593340 RI= 925.26821075
ToT_Energy= -10.3359333997296439
Energy_per_atom= -0.0000693454102632
