E_KC= -14.58320774 RI= 679.03635387
ToT_Energy= -14.5832077421392121
Energy_per_atom= -0.0000978410448986
