E_KC= -11.50756080 RI= 862.71904415
ToT_Energy= -11.5075607993264590
Energy_per_atom= -0.0000772060436050
