E_KC= -8.81721739 RI= 1058.87495417
ToT_Energy= -8.8172173941200125
Energy_per_atom= -0.0000591561046234
