E_KC= -12.41000238 RI= 770.93595717
ToT_Energy= -12.4100023756711693
Energy_per_atom= -0.0000832606667271
