E_KC= -13.16019321 RI= 805.69127499
ToT_Energy= -13.1601932136944129
Energy_per_atom= -0.0000882938155900
