E_KC= -11.55113760 RI= 823.28485918
ToT_Energy= -11.5511375989232778
Energy_per_atom= -0.0000774984072387
