E_KC= -14.85100948 RI= 609.52176126
ToT_Energy= -14.8510094797115038
Energy_per_atom= -0.0000996377690688
