E_KC= -14.69179340 RI= 635.23799056
ToT_Energy= -14.6917933964173937
Energy_per_atom= -0.0000985695632098
