E_KC= -11.17435184 RI= 877.84192343
ToT_Energy= -11.1743518351284266
Energy_per_atom= -0.0000749704920170
