E_KC= -13.78326541 RI= 788.29703265
ToT_Energy= -13.7832654095056899
Energy_per_atom= -0.0000924741053976
