E_KC= -14.36376400 RI= 736.92757955
ToT_Energy= -14.3637639989391932
Energy_per_atom= -0.0000963687621532
