E_KC= -14.78355250 RI= 680.04860918
ToT_Energy= -14.7835524995099394
Energy_per_atom= -0.0000991851895304
