E_KC= -12.52673558 RI= 791.46367489
ToT_Energy= -12.5267355843515311
Energy_per_atom= -0.0000840438482680
