E_KC= -9.22180622 RI= 1016.02948892
ToT_Energy= -9.2218062150726645
Energy_per_atom= -0.0000618705549485
