E_KC= -14.91775600 RI= 612.17268321
ToT_Energy= -14.9177560004487635
Energy_per_atom= -0.0001000855820225
