E_KC= -14.88078633 RI= 608.80731076
ToT_Energy= -14.8807863327038348
Energy_per_atom= -0.0000998375466803
