E_KC= -9.76111855 RI= 967.30500149
ToT_Energy= -9.7611185525454385
Energy_per_atom= -0.0000654888866323
