E_KC= -12.58652813 RI= 790.09251918
ToT_Energy= -12.5865281321606286
Energy_per_atom= -0.0000844450059186
