E_KC= -12.91481376 RI= 812.75480908
ToT_Energy= -12.9148137616470819
Energy_per_atom= -0.0000866475260761
