E_KC= -13.42520275 RI= 715.17032752
ToT_Energy= -13.4252027454536602
Energy_per_atom= -0.0000900718064103
