E_KC= -14.49164804 RI= 674.52716128
ToT_Energy= -14.4916480359697992
Energy_per_atom= -0.0000972267563634
