E_KC= -11.24215652 RI= 842.82789923
ToT_Energy= -11.2421565209978755
Energy_per_atom= -0.0000754254043676
