E_KC= -14.43343050 RI= 674.79766930
ToT_Energy= -14.4334305005399663
Energy_per_atom= -0.0000968361657198
