E_KC= -12.13994086 RI= 802.42954094
ToT_Energy= -12.1399408632899810
Energy_per_atom= -0.0000814487813706
