E_KC= -11.53709802 RI= 833.54008153
ToT_Energy= -11.5370980190269670
Energy_per_atom= -0.0000774042134789
