E_KC= -10.04338775 RI= 935.62672779
ToT_Energy= -10.0433877503659108
Energy_per_atom= -0.0000673826752792
