E_KC= -12.55561888 RI= 823.94099809
ToT_Energy= -12.5556188756729252
Energy_per_atom= -0.0000842376308331
