E_KC= -13.21417386 RI= 726.07665497
ToT_Energy= -13.2141738602483798
Energy_per_atom= -0.0000886559802767
