E_KC= -14.56505931 RI= 676.94896491
ToT_Energy= -14.5650593090301506
Energy_per_atom= -0.0000977192841934
