E_KC= -13.78924860 RI= 738.24408674
ToT_Energy= -13.7892486036069695
Energy_per_atom= -0.0000925142475921
