E_KC= -14.85894363 RI= 653.66227053
ToT_Energy= -14.8589436263937280
Energy_per_atom= -0.0000996910005125
