E_KC= -10.76200928 RI= 882.11872010
ToT_Energy= -10.7620092800074101
Energy_per_atom= -0.0000722040206643
