E_KC= -8.94641247 RI= 1045.71936126
ToT_Energy= -8.9464124681641177
Energy_per_atom= -0.0000600228947881
