E_KC= -14.72063968 RI= 628.42765294
ToT_Energy= -14.7206396839371187
Energy_per_atom= -0.0000987630975105
