E_KC= -11.43467577 RI= 839.40596045
ToT_Energy= -11.4346757713382470
Energy_per_atom= -0.0000767170464364
