E_KC= -13.60714877 RI= 793.36796803
ToT_Energy= -13.6071487669466116
Energy_per_atom= -0.0000912925110161
