E_KC= -14.05831105 RI= 685.49928528
ToT_Energy= -14.0583110546062287
Energy_per_atom= -0.0000943194300879
