E_KC= -9.15658938 RI= 1018.98423044
ToT_Energy= -9.1565893835375007
Energy_per_atom= -0.0000614330049214
