E_KC= -12.70095128 RI= 754.24910988
ToT_Energy= -12.7009512824416380
Energy_per_atom= -0.0000852126889127
