E_KC= -13.67988959 RI= 702.48997487
ToT_Energy= -13.6798895901997462
Energy_per_atom= -0.0000917805406924
