E_KC= -14.22505316 RI= 679.55430826
ToT_Energy= -14.2250531567129901
Energy_per_atom= -0.0000954381291963
