E_KC= -12.92663341 RI= 741.55258535
ToT_Energy= -12.9266334053444627
Energy_per_atom= -0.0000867268259332
