E_KC= -13.59208707 RI= 776.48082419
ToT_Energy= -13.5920870728335341
Energy_per_atom= -0.0000911914597305
