E_KC= -10.42874816 RI= 919.28557619
ToT_Energy= -10.4287481606322689
Energy_per_atom= -0.0000699681191589
