E_KC= -14.61851945 RI= 735.19270756
ToT_Energy= -14.6185194452109606
Energy_per_atom= -0.0000980779566938
