E_KC= -10.74659199 RI= 900.31632414
ToT_Energy= -10.7465919934875753
Energy_per_atom= -0.0000721005836531
