E_KC= -13.85677535 RI= 694.28458957
ToT_Energy= -13.8567753533294411
Energy_per_atom= -0.0000929672952253
