E_KC= -9.68238271 RI= 973.74809575
ToT_Energy= -9.6823827149008537
Energy_per_atom= -0.0000649606354572
