E_KC= -14.75920249 RI= 621.05751487
ToT_Energy= -14.7592024897543261
Energy_per_atom= -0.0000990218214677
