E_KC= -13.72016473 RI= 776.33804456
ToT_Energy= -13.7201647310511312
Energy_per_atom= -0.0000920507529759
