E_KC= -11.20906289 RI= 845.03100689
ToT_Energy= -11.2090628896064146
Energy_per_atom= -0.0000752033739658
