E_KC= -14.86824107 RI= 650.28934849
ToT_Energy= -14.8682410733889832
Energy_per_atom= -0.0000997533785534
