E_KC= -8.93899029 RI= 1043.70446109
ToT_Energy= -8.9389902892907500
Energy_per_atom= -0.0000599730982173
