E_KC= -12.64225726 RI= 821.19987424
ToT_Energy= -12.6422572639371875
Energy_per_atom= -0.0000848189014689
