E_KC= -13.22814625 RI= 803.78033202
ToT_Energy= -13.2281462505802505
Energy_per_atom= -0.0000887497232511
