E_KC= -12.21037031 RI= 798.19951762
ToT_Energy= -12.2103703056519795
Energy_per_atom= -0.0000819213036273
