E_KC= -13.52047303 RI= 745.44747616
ToT_Energy= -13.5204730324589963
Energy_per_atom= -0.0000907109898186
