E_KC= -11.24125006 RI= 843.09103510
ToT_Energy= -11.2412500599977356
Energy_per_atom= -0.0000754193227776
