E_KC= -13.96148389 RI= 781.95641925
ToT_Energy= -13.9614838922876192
Energy_per_atom= -0.0000936698013572
