E_KC= -14.92643065 RI= 617.51399509
ToT_Energy= -14.9264306480454287
Energy_per_atom= -0.0001001437816038
