E_KC= -12.33002805 RI= 796.61445374
ToT_Energy= -12.3300280497095631
Energy_per_atom= -0.0000827241063382
