E_KC= -12.25399880 RI= 833.98486392
ToT_Energy= -12.2539988033415561
Energy_per_atom= -0.0000822140141117
