E_KC= -14.91308234 RI= 631.32424901
ToT_Energy= -14.9130823354906710
Energy_per_atom= -0.0001000542256658
