E_KC= -12.19446402 RI= 783.53168496
ToT_Energy= -12.1944640169044831
Energy_per_atom= -0.0000818145858229
