E_KC= -14.14198987 RI= 733.38540674
ToT_Energy= -14.1419898662061865
Energy_per_atom= -0.0000948808444563
