E_KC= -11.93333749 RI= 799.26917905
ToT_Energy= -11.9333374943672812
Energy_per_atom= -0.0000800626467250
