E_KC= -14.28045154 RI= 734.76057143
ToT_Energy= -14.2804515358525101
Energy_per_atom= -0.0000958098056750
