E_KC= -13.98001738 RI= 778.52747605
ToT_Energy= -13.9800173765739562
Energy_per_atom= -0.0000937941454316
