E_KC= -14.90462107 RI= 609.85990183
ToT_Energy= -14.9046210733600564
Energy_per_atom= -0.0000999974577213
