E_KC= -11.44441389 RI= 831.64044310
ToT_Energy= -11.4444138946088625
Energy_per_atom= -0.0000767823810440
