E_KC= -9.36944790 RI= 1001.59999084
ToT_Energy= -9.3694478987284171
Energy_per_atom= -0.0000628611063316
