E_KC= -14.58810854 RI= 672.17202189
ToT_Energy= -14.5881085433030844
Energy_per_atom= -0.0000978739251480
