E_KC= -14.91712270 RI= 629.06963916
ToT_Energy= -14.9171226957405807
Energy_per_atom= -0.0001000813330811
