E_KC= -14.00710875 RI= 734.15807147
ToT_Energy= -14.0071087542556221
Energy_per_atom= -0.0000939759057649
