E_KC= -14.58290182 RI= 679.55445242
ToT_Energy= -14.5829018164399962
Energy_per_atom= -0.0000978389923948
