E_KC= -10.66374621 RI= 888.88689263
ToT_Energy= -10.6637462064416049
Energy_per_atom= -0.0000715447581781
