E_KC= -13.58712894 RI= 743.47529303
ToT_Energy= -13.5871289400858544
Energy_per_atom= -0.0000911581948345
