E_KC= -13.90443989 RI= 784.12822159
ToT_Energy= -13.9044398908498312
Energy_per_atom= -0.0000932870841385
