E_KC= -8.70208250 RI= 1074.22540653
ToT_Energy= -8.7020825049645705
Energy_per_atom= -0.0000583836464607
