E_KC= -13.85210891 RI= 776.80501262
ToT_Energy= -13.8521089103263684
Energy_per_atom= -0.0000929359873219
