E_KC= -12.78557404 RI= 785.72768361
ToT_Energy= -12.7855740422214605
Energy_per_atom= -0.0000857804363785
