E_KC= -14.72950482 RI= 626.55505606
ToT_Energy= -14.7295048219992584
Energy_per_atom= -0.0000988225751224
