E_KC= -11.83808746 RI= 849.18028332
ToT_Energy= -11.8380874636204947
Energy_per_atom= -0.0000794235992192
