E_KC= -11.42509584 RI= 831.36289670
ToT_Energy= -11.4250958447263073
Energy_per_atom= -0.0000766527731951
