E_KC= -14.79722095 RI= 615.25202131
ToT_Energy= -14.7972209499951752
Energy_per_atom= -0.0000992768933244
