E_KC= -14.53280299 RI= 675.15947005
ToT_Energy= -14.5328029925473121
Energy_per_atom= -0.0000975028714696
