E_KC= -13.88122689 RI= 785.02540723
ToT_Energy= -13.8812268901113036
Energy_per_atom= -0.0000931313444489
