E_KC= -12.08468360 RI= 804.24635320
ToT_Energy= -12.0846836046980286
Energy_per_atom= -0.0000810780516920
