E_KC= -14.41228634 RI= 675.03492601
ToT_Energy= -14.4122863409582944
Energy_per_atom= -0.0000966943062124
