E_KC= -8.98354149 RI= 1038.43748412
ToT_Energy= -8.9835414880268889
Energy_per_atom= -0.0000602719992488
