E_KC= -14.66553009 RI= 720.05304469
ToT_Energy= -14.6655300934100996
Energy_per_atom= -0.0000983933585603
