E_KC= -11.32291444 RI= 838.21373476
ToT_Energy= -11.3229144377570297
Energy_per_atom= -0.0000759672219910
