E_KC= -11.99130077 RI= 795.78245339
ToT_Energy= -11.9913007683666812
Energy_per_atom= -0.0000804515314885
