E_KC= -13.27956092 RI= 753.54634142
ToT_Energy= -13.2795609240521184
Energy_per_atom= -0.0000890946724190
