E_KC= -14.54220631 RI= 675.50448897
ToT_Energy= -14.5422063055977446
Energy_per_atom= -0.0000975659597826
