E_KC= -14.89973439 RI= 609.40419890
ToT_Energy= -14.8997343915282219
Energy_per_atom= -0.0000999646722008
