E_KC= -14.57734562 RI= 678.53620565
ToT_Energy= -14.5773456182024912
Energy_per_atom= -0.0000978017149829
