E_KC= -14.43207649 RI= 740.31159798
ToT_Energy= -14.4320764856160206
Energy_per_atom= -0.0000968270814198
