E_KC= -12.62622446 RI= 779.10179615
ToT_Energy= -12.6262244599864317
Energy_per_atom= -0.0000847113348540
