E_KC= -14.92549169 RI= 622.64889278
ToT_Energy= -14.9254916926191310
Energy_per_atom= -0.0001001374820035
