E_KC= -14.25177420 RI= 734.29560934
ToT_Energy= -14.2517742049766269
Energy_per_atom= -0.0000956174049311
