E_KC= -11.41291008 RI= 833.28168497
ToT_Energy= -11.4129100799187029
Energy_per_atom= -0.0000765710169736
