E_KC= -11.74725240 RI= 817.20311341
ToT_Energy= -11.7472523975849317
Energy_per_atom= -0.0000788141724092
