E_KC= -11.70196316 RI= 819.19461346
ToT_Energy= -11.7019631623143123
Energy_per_atom= -0.0000785103197740
