E_KC= -14.78857198 RI= 616.48115020
ToT_Energy= -14.7885719817156822
Energy_per_atom= -0.0000992188660296
