E_KC= -14.61453429 RI= 658.55632201
ToT_Energy= -14.6145342879331768
Energy_per_atom= -0.0000980512196440
