E_KC= -13.03877106 RI= 781.50821740
ToT_Energy= -13.0387710628669762
Energy_per_atom= -0.0000874791751954
