E_KC= -13.48626037 RI= 712.13497333
ToT_Energy= -13.4862603666181968
Energy_per_atom= -0.0000904814516378
