E_KC= -13.96117756 RI= 734.80143604
ToT_Energy= -13.9611775601399994
Energy_per_atom= -0.0000936677461264
