E_KC= -8.78886579 RI= 1062.56552901
ToT_Energy= -8.7888657860335577
Energy_per_atom= -0.0000589658892052
