E_KC= -12.98128445 RI= 782.43521233
ToT_Energy= -12.9812844513194339
Energy_per_atom= -0.0000870934884356
