E_KC= -11.75284557 RI= 810.46175421
ToT_Energy= -11.7528455738430200
Energy_per_atom= -0.0000788516979124
