E_KC= -11.56320106 RI= 825.72065272
ToT_Energy= -11.5632010630408857
Energy_per_atom= -0.0000775793429255
