E_KC= -8.72304948 RI= 1071.27439152
ToT_Energy= -8.7230494843024697
Energy_per_atom= -0.0000585243172379
