E_KC= -11.20501224 RI= 845.27508648
ToT_Energy= -11.2050122369174208
Energy_per_atom= -0.0000751761974969
