E_KC= -12.99397890 RI= 737.85196008
ToT_Energy= -12.9939788996370744
Energy_per_atom= -0.0000871786574950
