E_KC= -8.99100109 RI= 1040.71521402
ToT_Energy= -8.9910010857802458
Energy_per_atom= -0.0000603220468687
