E_KC= -9.68218785 RI= 967.12997206
ToT_Energy= -9.6821878525163427
Energy_per_atom= -0.0000649593280947
