E_KC= -13.99070575 RI= 779.82930110
ToT_Energy= -13.9907057478096011
Energy_per_atom= -0.0000938658554029
