E_KC= -11.25701455 RI= 841.88205884
ToT_Energy= -11.2570145460947320
Energy_per_atom= -0.0000755250892056
