E_KC= -14.57095163 RI= 745.10394764
ToT_Energy= -14.5709516254314480
Energy_per_atom= -0.0000977588166752
