E_KC= -14.63381000 RI= 651.63464962
ToT_Energy= -14.6338099968459190
Energy_per_atom= -0.0000981805434206
