E_KC= -12.92543605 RI= 766.91069835
ToT_Energy= -12.9254360542387214
Energy_per_atom= -0.0000867187927155
