E_KC= -11.32652744 RI= 837.73605788
ToT_Energy= -11.3265274381204009
Energy_per_atom= -0.0000759914621813
