E_KC= -9.36495111 RI= 997.43002416
ToT_Energy= -9.3649511125956817
Energy_per_atom= -0.0000628309366830
