E_KC= -14.67959644 RI= 715.24588585
ToT_Energy= -14.6795964375624735
Energy_per_atom= -0.0000984877318857
