E_KC= -14.60962833 RI= 660.61429810
ToT_Energy= -14.6096283346421583
Energy_per_atom= -0.0000980183048282
