E_KC= -14.85833085 RI= 609.11773584
ToT_Energy= -14.8583308455681316
Energy_per_atom= -0.0000996868892692
