E_KC= -11.09530939 RI= 859.98266464
ToT_Energy= -11.0953093862654342
Energy_per_atom= -0.0000744401837388
