E_KC= -8.73816253 RI= 1069.25881641
ToT_Energy= -8.7381625308544812
Energy_per_atom= -0.0000586257130550
