E_KC= -13.65279551 RI= 792.17015872
ToT_Energy= -13.6527955082134955
Energy_per_atom= -0.0000915987622155
