E_KC= -14.55638813 RI= 745.93743699
ToT_Energy= -14.5563881292086386
Energy_per_atom= -0.0000976611078780
