E_KC= -11.93599442 RI= 845.49649765
ToT_Energy= -11.9359944151219839
Energy_per_atom= -0.0000800804724262
