E_KC= -9.43387696 RI= 990.65111879
ToT_Energy= -9.4338769642027778
Energy_per_atom= -0.0000632933711117
