E_KC= -11.87673657 RI= 815.10182370
ToT_Energy= -11.8767365734256689
Energy_per_atom= -0.0000796829022035
