E_KC= -13.22346926 RI= 779.08038557
ToT_Energy= -13.2234692632410287
Energy_per_atom= -0.0000887183446041
