E_KC= -13.98835538 RI= 780.23723333
ToT_Energy= -13.9883553806049896
Energy_per_atom= -0.0000938500864180
