E_KC= -10.03832763 RI= 945.89871286
ToT_Energy= -10.0383276330672668
Energy_per_atom= -0.0000673487261527
