E_KC= -13.43384769 RI= 798.17803298
ToT_Energy= -13.4338476883916407
Energy_per_atom= -0.0000901298066984
