E_KC= -8.70462051 RI= 1073.99935507
ToT_Energy= -8.7046205123879830
Energy_per_atom= -0.0000584006743535
