E_KC= -14.82387705 RI= 666.03178101
ToT_Energy= -14.8238770518629916
Energy_per_atom= -0.0000994557333235
