0 -140732.47041884 -149198.89768366 7706.08549848 2059.03744318 -1298.69567685 0.1921 2.7673
ToT_Energy= -140732.4704188434407115
Energy_per_atom= -7.2873068775291756
